120 ELLIO 100 0.0 0.0 0.0 0.0 0.0 0.0
127 ELLIO 95 5 0.0 0.0 0.0 0.0 0.0
133 ELLIO 6 64 25 6 0.0 0.0 0.0
148 ELLIO 0.0 0.0 37 63 0.0 0.0 0.0
156 ELLIO 0.0 0.0 12 19 69 0.0 0.0
162 ELLIO 0.0 0.0 0.0 0.0 67 33 0.0
175 ELLIO 0.0 0.0 0.0 0.0 0.0 67 33
183 ELLIO 0.0 0.0 0.0 0.0 0.0 50 50
190 ELLIO 0.0 0.0 0.0 0.0 0.0 100 0.0
197 ELLIO 0.0 0.0 0.0 0.0 0.0 62 38
203 ELLIO 0.0 0.0 0.0 0.0 0.0 100 0.0
211 ELLIO 0.0 0.0 0.0 0.0 0.0 86 14
218 ELLIO 0.0 0.0 0.0 0.0 0.0 54 46
224 ELLIO 0.0 0.0 0.0 0.0 0.0 43 57
231 ELLIO 0.0 0.0 0.0 0.0 0.0 0.0 100
239 ELLIO 0.0 0.0 0.0 0.0 0.0 71 29
120 COLOR 100 0.0 0.0 0.0 0.0 0.0 0.0
127 COLOR 25 75 0.0 0.0 0.0 0.0 0.0
133 COLOR 11 84 5 0.0 0.0 0.0 0.0
148 COLOR 0.0 33 67 0.0 0.0 0.0 0.0
156 COLOR 0.0 0.0 10 80 10 0.0 0.0
162 COLOR 0.0 0.0 0.0 33 67 0.0 0.0
175 COLOR 0.0 0.0 0.0 0.0 0.0 62 38
183 COLOR 0.0 0.0 0.0 0.0 0.0 54 46
190 COLOR 0.0 0.0 0.0 0.0 0.0 33 67
197 COLOR 0.0 0.0 0.0 0.0 0.0 73 27
203 COLOR 0.0 0.0 0.0 0.0 0.0 43 57
211 COLOR 0.0 0.0 0.0 0.0 0.0 20 80
218 COLOR 0.0 0.0 0.0 0.0 0.0 100 0.0
224 COLOR 0.0 0.0 0.0 0.0 0.0 40 60
239 COLOR 0.0 0.0 0.0 0.0 0.0 0.0 100
253 COLOR 0.0 0.0 0.0 0.0 0.0 100 0.0
